LC_Class_I NDVI_0 NDVI_1 NDVI_2 NDVI_3 NDVI_4 NDVI_5
10.0 0.3954945206642151 0.30909088253974915 0.10095533728599548 0.14952166378498077 0.1980944722890854 0.23765352368354797
10.0 0.49080485105514526 0.5441625118255615 0.46417441964149475 0.3732668161392212 0.39225879311561584 0.40917661786079407
10.0 0.5390728116035461 0.2459801435470581 0.46589890122413635 0.4017167389392853 0.28536009788513184 0.5277600884437561
10.0 0.5742377042770386 0.485348641872406 0.511254608631134 0.5380071997642517 0.3850589394569397 0.425320029258728
10.0 0.5594125986099243 0.6535727381706238 0.5009152293205261 0.44198715686798096 0.5200406312942505 0.6752092838287354
10.0 0.4130081534385681 0.5311811566352844 0.7188377976417542 0.6050333976745605 0.5137008428573608 0.5412935614585876
10.0 0.6594117879867554 0.549797534942627 0.4306069612503052 0.35785213112831116 0.27336084842681885 0.30487221479415894
10.0 0.6660809516906738 0.5627354383468628 0.5229843854904175 0.3344000279903412 0.26511630415916443 0.18613243103027344
10.0 0.5152176022529602 0.4389100670814514 0.4448036551475525 0.2926253080368042 0.21896444261074066 0.34089553356170654
10.0 0.6101427674293518 0.5484166145324707 0.655212938785553 0.4958878755569458 0.38416844606399536 0.45442360639572144
10.0 0.394400417804718 0.4046264588832855 0.40864297747612 0.26705339550971985 0.2699221670627594 0.3081749677658081
10.0 0.3593314588069916 0.2981393337249756 0.37988826632499695 0.2934575080871582 0.23680394887924194 0.3095647394657135
10.0 0.6109477281570435 0.5458144545555115 0.5917667150497437 0.4001477062702179 0.3012832999229431 0.4807077944278717
10.0 0.5305237174034119 0.5626991391181946 0.612373411655426 0.44361230731010437 0.384309858083725 0.5364667773246765
10.0 0.6537795066833496 0.668039083480835 0.5871507525444031 0.4747413098812103 0.3634894788265228 0.33281993865966797
10.0 0.6434875726699829 0.4845578074455261 0.7401721477508545 0.5530174970626831 0.5713886618614197 0.5879397392272949
10.0 0.4691837728023529 0.3078077733516693 0.4290512204170227 0.27190902829170227 0.16110119223594666 0.46575433015823364
10.0 0.4252084493637085 0.5988200306892395 0.49069511890411377 0.38691166043281555 0.25040915608406067 0.2698652446269989
10.0 0.5745189189910889 0.673923134803772 0.5234533548355103 0.3817630112171173 0.2766872048377991 0.3326813280582428
10.0 0.5294712781906128 0.587288498878479 0.6531281471252441 0.39439505338668823 0.3543776571750641 0.26681867241859436
10.0 0.4266442060470581 0.4093047082424164 0.2949640452861786 0.19428008794784546 0.11595061421394348 0.12163417786359787
10.0 0.5139607191085815 0.5286708474159241 0.4843108355998993 0.38170182704925537 0.3171139359474182 0.3421389162540436
10.0 0.35482025146484375 0.35423046350479126 0.480972558259964 0.3420260548591614 0.2149123102426529 0.287792831659317
10.0 0.3995680809020996 0.49861645698547363 0.3618721663951874 0.2627858519554138 0.19874048233032227 0.2279369980096817
10.0 0.43071991205215454 0.4442732036113739 0.5544806122779846 0.4171878397464752 0.26498550176620483 0.2760191559791565
10.0 0.5426216721534729 0.43359360098838806 0.5672795176506042 0.5333920121192932 0.39724597334861755 0.3800128102302551
10.0 0.47099772095680237 0.42835187911987305 0.34993159770965576 0.2900378108024597 0.22741453349590302 0.23446017503738403
10.0 0.21050836145877838 0.3519943952560425 0.4276179075241089 0.3003542721271515 0.22538727521896362 0.41367167234420776
10.0 0.5019863247871399 0.598247230052948 0.37494736909866333 0.23856011033058167 0.20569545030593872 0.31678247451782227
10.0 0.3763621151447296 0.6283928751945496 0.6646716594696045 0.595977783203125 0.4888116121292114 0.5511274337768555
10.0 0.5190586447715759 0.6546570062637329 0.47929319739341736 0.34233424067497253 0.30718231201171875 0.31111109256744385
10.0 0.5622968673706055 0.4681147634983063 0.4391072392463684 0.28756001591682434 0.23705537617206573 0.3690406382083893
10.0 0.5769917964935303 0.5414091348648071 0.6234437823295593 0.361776739358902 0.3012820780277252 0.4271264672279358
10.0 0.7574665546417236 0.4548740088939667 0.6477617025375366 0.5235916972160339 0.4092727601528168 0.46803775429725647
10.0 0.5115566253662109 0.6270722150802612 0.4410472512245178 0.5727360844612122 0.47000375390052795 0.49926450848579407
10.0 0.4454776346683502 0.6987296938896179 0.6317169666290283 0.49095582962036133 0.41189196705818176 0.552363395690918
10.0 0.46096330881118774 0.6103866696357727 0.5930579900741577 0.32112011313438416 0.23180291056632996 0.45995426177978516
10.0 0.2656092047691345 0.23828920722007751 0.5999171137809753 0.3874405324459076 0.29422301054000854 0.6860223412513733
10.0 0.5478739142417908 0.5652907490730286 0.6164947152137756 0.6146875023841858 0.4773333966732025 0.49392592906951904
10.0 0.4043225944042206 0.3678523004055023 0.3992227017879486 0.3880159556865692 0.3209039270877838 0.3432402014732361
10.0 0.641043484210968 0.5377101302146912 0.3903990387916565 0.439220130443573 0.3159927427768707 0.41401222348213196
10.0 0.1784086674451828 0.16560645401477814 0.6805191040039062 0.39542701840400696 0.289650559425354 0.5259510278701782
10.0 0.5695821046829224 0.666529655456543 0.6639401316642761 0.5058069229125977 0.3697943091392517 0.4792023003101349
10.0 0.2730993926525116 0.2083333283662796 0.44143614172935486 0.3456334173679352 0.34484562277793884 0.3480818569660187
10.0 0.41019612550735474 0.4784778952598572 0.46538805961608887 0.29316338896751404 0.36844372749328613 0.4931657612323761
10.0 0.6363636255264282 0.5334485173225403 0.6211227178573608 0.4754600524902344 0.31819915771484375 0.5467395186424255
10.0 0.38498246669769287 0.28165245056152344 0.32321786880493164 0.27705252170562744 0.21497894823551178 0.26036983728408813
10.0 0.6331201195716858 0.11872702836990356 0.517241358757019 0.42208781838417053 0.2694092094898224 0.5770597457885742
10.0 0.5011395215988159 0.42119717597961426 0.4559467136859894 0.2482738047838211 0.19787800312042236 0.33295243978500366
10.0 0.3965589702129364 0.3989941477775574 0.45052284002304077 0.2760080397129059 0.17713698744773865 0.17691218852996826
10.0 0.42537274956703186 0.41984689235687256 0.34597158432006836 0.3014777898788452 0.2864764332771301 0.31808510422706604
10.0 0.6736810207366943 0.5407905578613281 0.6486691832542419 0.5865655541419983 0.42967909574508667 0.47558775544166565
10.0 0.545171320438385 0.47431421279907227 0.6364518404006958 0.5543636679649353 0.47679072618484497 0.4953548312187195
10.0 0.44026732444763184 0.41779792308807373 0.36318549513816833 0.3237569332122803 0.323138028383255 0.26760566234588623
10.0 0.6138442754745483 0.3811759054660797 0.6627393364906311 0.5911703109741211 0.4215131103992462 0.3970515727996826
10.0 0.35390427708625793 0.24467003345489502 0.6182451844215393 0.3841113746166229 0.29930391907691956 0.5842714309692383
10.0 0.37383174896240234 0.1690821349620819 0.6345382332801819 0.2765270471572876 0.31162792444229126 0.6501676440238953
10.0 0.38361817598342896 0.434355765581131 0.37499749660491943 0.2965262830257416 0.260588675737381 0.34065932035446167
10.0 0.5534930229187012 0.4425695538520813 0.39355942606925964 0.29887640476226807 0.2257201075553894 0.22834093868732452
10.0 0.5079754590988159 0.4523320496082306 0.5941458344459534 0.41218602657318115 0.5200196504592896 0.49824458360671997
10.0 0.3307839334011078 0.6059638261795044 0.5323149561882019 0.29544031620025635 0.24497583508491516 0.2778244614601135
10.0 0.499763548374176 0.4713694155216217 0.49322763085365295 0.3164289593696594 0.2221090942621231 0.2007305920124054
10.0 0.5330559015274048 0.4603780508041382 0.5394402146339417 0.3204706013202667 0.2569941282272339 0.3049562871456146
10.0 0.5073333382606506 0.25441962480545044 0.7559254765510559 0.7557270526885986 0.5838053226470947 0.5210793614387512
10.0 0.4175831377506256 0.29984915256500244 0.3437862992286682 0.2603192627429962 0.2136067897081375 0.2649320065975189
10.0 0.5484347343444824 0.5308642387390137 0.38201141357421875 0.28673872351646423 0.2570688724517822 0.24747343361377716
10.0 0.5098229646682739 0.6271220445632935 0.6001886129379272 0.4992174506187439 0.3213338851928711 0.40332457423210144
10.0 0.5410430431365967 0.5707220435142517 0.5316116809844971 0.44545453786849976 0.36606118083000183 0.39907586574554443
10.0 0.5531717538833618 0.5813359022140503 0.6065544486045837 0.43821191787719727 0.2989606261253357 0.44316595792770386
10.0 0.24028907716274261 0.14019431173801422 0.25407010316848755 0.23434050381183624 0.1832229644060135 0.21365126967430115
10.0 0.5618191957473755 0.355045884847641 0.40504807233810425 0.31104740500450134 0.23400230705738068 0.3317687213420868
10.0 0.5330005884170532 0.6292693018913269 0.6267487406730652 0.527655839920044 0.35901734232902527 0.4081764221191406
10.0 0.6427343487739563 0.576988160610199 0.5118810534477234 0.40697598457336426 0.36713966727256775 0.4775620102882385
10.0 0.5855846405029297 0.4340021014213562 0.6371132731437683 0.4869067370891571 0.2951739728450775 0.40990346670150757
10.0 0.4410223960876465 0.46893611550331116 0.4626173675060272 0.2404407262802124 0.20920148491859436 0.4712487757205963
10.0 0.17968016862869263 0.15983176231384277 0.1350412666797638 0.17979292571544647 0.18467843532562256 0.22874338924884796
10.0 0.451154500246048 0.33186638355255127 0.7388594150543213 0.4742802083492279 0.3000706732273102 0.7659799456596375
10.0 0.7104553580284119 0.6211933493614197 0.7596973180770874 0.6361339688301086 0.48726990818977356 0.6169889569282532
10.0 0.6533522605895996 0.4662855863571167 0.7959710955619812 0.6838632225990295 0.509433925151825 0.38726526498794556
10.0 0.28252285718917847 0.18649286031723022 0.2252368927001953 0.18605630099773407 0.18948180973529816 0.16601291298866272
10.0 0.5209214687347412 0.3010883033275604 0.38997364044189453 0.3198774755001068 0.29229170083999634 0.414370596408844
10.0 0.5102488398551941 0.6786941289901733 0.6209374070167542 0.47310715913772583 0.5118656158447266 0.7097946405410767
10.0 0.31218764185905457 0.3648117780685425 0.6892991662025452 0.4895535111427307 0.14510279893875122 0.5213562250137329
10.0 0.34373050928115845 0.38207000494003296 0.8030162453651428 0.7037329077720642 0.27198368310928345 0.6869322657585144
10.0 0.6786506772041321 0.4843006730079651 0.5683804154396057 0.4848317503929138 0.4035075604915619 0.5580865740776062
10.0 0.6337286233901978 0.4480762481689453 0.39739125967025757 0.25680306553840637 0.32673561573028564 0.5101618766784668
10.0 0.1887347549200058 0.04818830266594887 0.5149538516998291 0.21027080714702606 0.1453804224729538 0.5422822833061218
10.0 0.522314727306366 0.7030248045921326 0.7692492604255676 0.664847195148468 0.5492957830429077 0.38632020354270935
10.0 0.7222859859466553 0.8088974952697754 0.6359673142433167 0.6643835306167603 0.5033859610557556 0.5873812437057495
10.0 0.5293770432472229 0.44171738624572754 0.5230656862258911 0.5076731443405151 0.4446123242378235 0.5214724540710449
10.0 0.4244282841682434 0.5549545288085938 0.4248539209365845 0.3158705532550812 0.22934725880622864 0.2897297143936157
10.0 0.5044917464256287 0.3936068117618561 0.5506981611251831 0.571064829826355 0.5053236484527588 0.6813771724700928
10.0 0.5374503135681152 0.41914433240890503 0.5714285373687744 0.34341737627983093 0.21616333723068237 0.24858218431472778
10.0 0.48254016041755676 0.46309101581573486 0.5323834419250488 0.3249571621417999 0.27941182255744934 0.32721662521362305
10.0 0.43974199891090393 0.5549795031547546 0.4605031907558441 0.2932673990726471 0.28157591819763184 0.31519827246665955
10.0 0.34561848640441895 0.2667982578277588 0.1927037537097931 0.17049568891525269 0.17103062570095062 0.19985395669937134
10.0 0.7754570245742798 0.5531177520751953 0.8225419521331787 0.7982300519943237 0.6374094486236572 0.6525577306747437
10.0 0.6203890442848206 0.5067264437675476 0.46480944752693176 0.4268503487110138 0.36661121249198914 0.4550880789756775
10.0 0.485050231218338 0.6585649251937866 0.7670220732688904 0.7134954929351807 0.5487122535705566 0.3939785063266754
10.0 0.7012686729431152 0.73956298828125 0.7412824034690857 0.6870099902153015 0.5127860307693481 0.5873509645462036
10.0 0.539184033870697 0.442571759223938 0.6426016092300415 0.374006450176239 0.2924259305000305 0.26520681381225586
10.0 0.42458319664001465 0.6820187568664551 0.8233404159545898 0.7428863048553467 0.5316867828369141 0.6871989965438843
10.0 0.6817546486854553 0.6187321543693542 0.6050253510475159 0.4354104697704315 0.317214697599411 0.3259129822254181
10.0 0.4079521894454956 0.3109169900417328 0.2850287854671478 0.2242649346590042 0.172754168510437 0.18462592363357544
10.0 0.4095701575279236 0.3673805594444275 0.4673241376876831 0.3000423312187195 0.16875189542770386 0.23548439145088196
10.0 0.2827032506465912 0.2709113657474518 0.610736608505249 0.6455879211425781 0.2795107662677765 0.6161011457443237
10.0 0.7172940373420715 0.6336869597434998 0.6500273942947388 0.46693071722984314 0.3559321463108063 0.5057042241096497
10.0 0.25678184628486633 0.2188817411661148 -0.14641287922859192 0.20868514478206635 0.4767676591873169 0.7137671113014221
10.0 0.5517445206642151 0.471116840839386 0.5953185558319092 0.3814711570739746 0.2888147234916687 0.48921146988868713
10.0 0.5130044221878052 0.5767958164215088 0.6309905052185059 0.4796237647533417 0.2434685081243515 0.274246484041214
10.0 0.512267529964447 0.6566161513328552 0.7461423873901367 0.709126353263855 0.6673785448074341 0.5673758387565613
10.0 0.6611963510513306 0.5231446027755737 0.5386852622032166 0.35476499795913696 0.24837207794189453 0.25272783637046814
10.0 0.6852791905403137 0.7163801193237305 0.7246478199958801 0.5515193939208984 0.4193905293941498 0.4946504831314087
10.0 0.5058731436729431 0.5052631497383118 0.28456732630729675 0.25960537791252136 0.1770172417163849 0.266928106546402
10.0 0.5346623659133911 0.717212438583374 0.7665127515792847 0.5672354102134705 0.3924192190170288 0.5615221261978149
10.0 0.6093713641166687 0.5211970806121826 0.6328057050704956 0.5080471634864807 0.3493100106716156 0.2575758099555969
10.0 0.4789363145828247 0.44727274775505066 0.5644444227218628 0.3688938319683075 0.312992125749588 0.3279258608818054
10.0 0.536503255367279 0.1962548941373825 0.6476587653160095 0.4736841917037964 0.3236946761608124 0.39963987469673157
10.0 0.6717326045036316 0.669102132320404 0.7516278028488159 0.5939057469367981 0.43829357624053955 0.5871937870979309
10.0 0.7469232082366943 0.6158812642097473 0.6728709936141968 0.5567216873168945 0.4422869086265564 0.5080376863479614
10.0 0.26700887084007263 0.3197134733200073 0.2672519385814667 0.2438606470823288 0.22198954224586487 0.2229919135570526
10.0 0.5284342765808105 0.21021822094917297 0.6835876703262329 0.41189542412757874 0.3170132040977478 0.5889890789985657
10.0 0.668502151966095 0.572530210018158 0.56153404712677 0.5462135076522827 0.35214555263519287 0.5944620370864868
10.0 0.7024897933006287 0.5416667461395264 0.5894737243652344 0.41085270047187805 0.32203391194343567 0.40284037590026855
10.0 0.5852662920951843 0.5886254906654358 0.5927655100822449 0.45817744731903076 0.36325201392173767 0.342355340719223
10.0 0.4770679771900177 0.4414995014667511 0.5594343543052673 0.3989427089691162 0.27364933490753174 0.2362399697303772
10.0 0.42633959650993347 0.32646289467811584 0.38150712847709656 0.23986859619617462 0.22034227848052979 0.34881526231765747
10.0 0.473625123500824 0.4643394947052002 0.5166217088699341 0.36376431584358215 0.34994205832481384 0.34972065687179565
10.0 0.6280577182769775 0.53323894739151 0.4903200566768646 0.44762957096099854 0.2762942910194397 0.3110491931438446
10.0 0.4615286886692047 0.4359084367752075 0.3877388834953308 0.3159460127353668 0.22609250247478485 0.24028651416301727
10.0 0.329653799533844 0.3856965899467468 0.42407816648483276 0.31056666374206543 0.23255813121795654 0.23723407089710236
10.0 0.4364253282546997 0.6528759002685547 0.4753055274486542 0.2905162572860718 0.24365447461605072 0.3267838656902313
10.0 0.6329911947250366 0.5956785678863525 0.6645474433898926 0.5258547067642212 0.4402676224708557 0.6390547752380371
10.0 0.46900197863578796 0.5117673873901367 0.6737873554229736 0.6013863682746887 0.4616340398788452 0.4199822247028351
10.0 0.37395140528678894 0.23918992280960083 0.7121354937553406 0.4768846035003662 0.28618064522743225 0.49683666229248047
10.0 0.6455514430999756 0.5776426196098328 0.6788083910942078 0.5328724980354309 0.35861319303512573 0.6575018763542175
10.0 0.4578678011894226 0.43137720227241516 0.6765012145042419 0.4528457522392273 0.3146325349807739 0.39609086513519287
10.0 0.18512943387031555 0.40784135460853577 0.41090425848960876 0.2205645591020584 0.1858079731464386 0.18407347798347473
10.0 0.3598574697971344 0.07403935492038727 0.5679579973220825 0.2132405936717987 0.28795212507247925 0.7759801149368286
10.0 0.6267139315605164 0.698613703250885 0.5851781964302063 0.38969069719314575 0.31956368684768677 0.5795047879219055
10.0 0.30671149492263794 0.1701975166797638 0.5604026317596436 0.3588113784790039 0.2260536551475525 0.6756073832511902
10.0 0.38389483094215393 0.3453691899776459 0.532879114151001 0.47745269536972046 0.4338938295841217 0.40292584896087646
10.0 0.47183671593666077 0.5169325470924377 0.4630049467086792 0.32203519344329834 0.2594447135925293 0.2099967747926712
10.0 0.3945654332637787 0.28411880135536194 0.39151671528816223 0.2531045377254486 0.45502403378486633 0.5292208194732666
10.0 0.5034253597259521 0.6225531697273254 0.6977128982543945 0.46313798427581787 0.38132399320602417 0.4763273000717163
10.0 0.37382030487060547 0.3782837986946106 0.5374325513839722 0.5562402606010437 0.2369578778743744 0.3864578604698181
10.0 0.5095836520195007 0.5822054743766785 0.6078529953956604 0.30564871430397034 0.24210524559020996 0.36557382345199585
10.0 0.4237702190876007 0.5429539680480957 0.545888364315033 0.4745369553565979 0.347598671913147 0.43119779229164124
10.0 0.5136268138885498 0.4544304311275482 0.5599520802497864 0.4840085208415985 0.3771781921386719 0.61031174659729
10.0 0.42560508847236633 0.3262709975242615 0.5034565925598145 0.38844025135040283 0.26418444514274597 0.35277360677719116
10.0 0.41281288862228394 0.3523487448692322 0.37725701928138733 0.24439437687397003 0.2547425329685211 0.31510594487190247
10.0 0.4906255304813385 0.6088846325874329 0.70932936668396 0.565283477306366 0.36765599250793457 0.4817131757736206
10.0 0.6855724453926086 0.4824884235858917 0.6527850031852722 0.3737321197986603 0.3325061798095703 0.4910088777542114
10.0 0.19749745726585388 0.2856365442276001 0.22763794660568237 0.16739130020141602 0.16747787594795227 0.1127987653017044
10.0 0.46017616987228394 0.47249504923820496 0.4608380198478699 0.3889414966106415 0.4335259795188904 0.42868301272392273
10.0 0.3919956684112549 0.4567619264125824 0.6235465407371521 0.4442199170589447 0.2893226444721222 0.3552168607711792
10.0 0.6185253262519836 0.649979293346405 0.4635036289691925 0.32766297459602356 0.2532833218574524 0.3070976734161377
10.0 0.3699788451194763 0.3881138563156128 0.38894471526145935 0.25166764855384827 0.3007195293903351 0.278938889503479
10.0 0.48704367876052856 0.45121923089027405 0.5528596043586731 0.6168561577796936 0.4063830077648163 0.5516817569732666
10.0 0.5900978446006775 0.614961564540863 0.5288394689559937 0.411344975233078 0.2955898940563202 0.3701391816139221
10.0 0.6610298156738281 0.4361398220062256 0.4546300768852234 0.3017484247684479 0.38455304503440857 0.4557078182697296
10.0 0.4969862997531891 0.5128887891769409 0.5471999645233154 0.36873504519462585 0.36144575476646423 0.3687193691730499
10.0 0.4626605808734894 0.5005347728729248 0.49125245213508606 0.3574124276638031 0.2532545328140259 0.3329439163208008
10.0 0.5739808082580566 0.6830697655677795 0.3310970962047577 0.431558221578598 0.6545063853263855 0.8170586228370667
10.0 0.4660925269126892 0.5952509641647339 0.6507680416107178 0.36139580607414246 0.36734557151794434 0.43772244453430176
10.0 0.6153846979141235 0.5844355225563049 0.5944436192512512 0.5061835050582886 0.30666759610176086 0.41734105348587036
10.0 0.582017183303833 0.4817483723163605 0.4813534915447235 0.3637426495552063 0.3476111888885498 0.36362582445144653
10.0 0.34191998839378357 0.5503349900245667 0.5187557935714722 0.38175898790359497 0.2835472524166107 0.35425499081611633
10.0 0.3004818856716156 0.17311282455921173 0.6375751495361328 0.3636329770088196 0.2623521387577057 0.6241466403007507
10.0 0.43960827589035034 0.45815256237983704 0.35426390171051025 0.28936174511909485 0.2763911783695221 0.27741876244544983
10.0 0.727280855178833 0.7450870275497437 0.7064549922943115 0.5731707811355591 0.4042339026927948 0.47358113527297974
10.0 0.5651694536209106 0.5235254764556885 0.30240359902381897 0.2460417002439499 0.1993108093738556 0.23339705169200897
10.0 0.4327772557735443 0.5696335434913635 0.5743395090103149 0.4551006853580475 0.3140312135219574 0.6177194118499756
10.0 0.6141219735145569 0.34060606360435486 0.4678422808647156 0.348416268825531 0.29185208678245544 0.3255671262741089
10.0 0.41108787059783936 0.501165509223938 0.47338536381721497 0.33466824889183044 0.24930362403392792 0.2808276414871216
10.0 0.44992536306381226 0.2496863603591919 0.416266530752182 0.2931140065193176 0.204574316740036 0.2305283546447754
10.0 0.46141308546066284 0.4495939016342163 0.4154442250728607 0.3104150593280792 0.24406957626342773 0.5244628190994263
10.0 0.47150254249572754 0.4843238592147827 0.6206952333450317 0.48398202657699585 0.3743801712989807 0.48213163018226624
10.0 0.534639835357666 0.5167078375816345 0.5324155688285828 0.444071888923645 0.3850100338459015 0.44625774025917053
10.0 0.5569430589675903 0.5848193168640137 0.6303751468658447 0.5077340602874756 0.4407057762145996 0.294486939907074
10.0 0.7357001304626465 0.6532589793205261 0.6663416624069214 0.5088738799095154 0.3983471095561981 0.6063412427902222
10.0 0.5702479481697083 0.4779740571975708 0.6369359493255615 0.42738136649131775 0.3086419701576233 0.39892321825027466
10.0 0.37911906838417053 0.43189749121665955 0.43655964732170105 0.31172603368759155 0.19632631540298462 0.26126888394355774
10.0 0.5232682824134827 0.6569681167602539 0.6404263377189636 0.5142563581466675 0.569926381111145 0.7680866718292236
10.0 0.35757574439048767 0.6038554906845093 0.4847866892814636 0.3984290659427643 0.22498728334903717 0.25323808193206787
10.0 0.37079373002052307 0.5820105671882629 0.4920925796031952 0.37606433033943176 0.3040246367454529 0.45156922936439514
10.0 0.5559423565864563 0.15891292691230774 0.5381062626838684 0.320229709148407 0.14796751737594604 0.6411959528923035
10.0 0.5670046210289001 0.39029228687286377 0.6399182677268982 0.4766017198562622 0.34055718779563904 0.4478279650211334
10.0 0.43600696325302124 0.5967177152633667 0.4777330756187439 0.3510502874851227 0.22941549122333527 0.4628377854824066
10.0 0.6265560388565063 0.6136511564254761 0.545287013053894 0.3280703127384186 0.2368420958518982 0.2154018133878708
10.0 0.6910592317581177 0.5806342959403992 0.6601173877716064 0.5941677093505859 0.4549786150455475 0.5645115971565247
10.0 0.4462658762931824 0.4283590316772461 0.4866059720516205 0.4764460027217865 0.3300715386867523 0.3294694125652313
10.0 0.5208941102027893 0.6940535306930542 0.6168795228004456 0.6521992087364197 0.45603567361831665 0.4667297601699829
10.0 0.7849999666213989 0.6092301607131958 0.8030150532722473 0.7405405044555664 0.5449793934822083 0.6859008073806763
10.0 0.6139683127403259 0.7200104594230652 0.6900897026062012 0.5948484539985657 0.37285491824150085 0.47546958923339844
10.0 0.5648929476737976 0.46822497248649597 0.507230818271637 0.3596837818622589 0.35055747628211975 0.4468853175640106
10.0 0.26982930302619934 0.18371960520744324 0.6489654183387756 0.33466097712516785 0.2428198903799057 0.640204668045044
10.0 0.43752923607826233 0.24997533857822418 0.48853933811187744 0.353656530380249 0.23060108721256256 0.2576661705970764
10.0 0.5235803127288818 0.4913657605648041 0.6864141225814819 0.5297764539718628 0.4450312554836273 0.4414060115814209
10.0 0.5467561483383179 0.37865281105041504 0.3835962116718292 0.259895384311676 0.17366456985473633 0.18535467982292175
10.0 0.6467809677124023 0.20226630568504333 0.6214684247970581 0.5752565860748291 0.23612037301063538 0.5037878751754761
10.0 0.4645490348339081 0.3203187584877014 0.387283056974411 0.27232876420021057 0.1981837898492813 0.2111959457397461
10.0 0.1983632892370224 0.28876179456710815 0.21872049570083618 0.09321568161249161 0.0874684676527977 0.07486632466316223
10.0 0.43533486127853394 0.516481876373291 0.7083786129951477 0.5188513994216919 0.4921738803386688 0.5486475229263306
10.0 0.4790228009223938 0.4318862557411194 0.520648181438446 0.4600212574005127 0.3179824948310852 0.4140271246433258
10.0 0.7555675506591797 0.5537662506103516 0.7668061852455139 0.6828141808509827 0.5603426694869995 0.5870530605316162
10.0 0.3964911997318268 0.3566712737083435 0.5642370581626892 0.43424317240715027 0.43957215547561646 0.495071142911911
10.0 0.4685176908969879 0.4744386374950409 0.626844048500061 0.42008545994758606 0.30170193314552307 0.48805609345436096
10.0 0.4529472291469574 0.5566806197166443 0.47989779710769653 0.43508589267730713 0.4248490631580353 0.48060786724090576
10.0 0.4942633807659149 0.5699065327644348 0.5433416366577148 0.42602401971817017 0.3479881286621094 0.5532532930374146
10.0 0.5048571825027466 0.5233379006385803 0.8115562796592712 0.7434354424476624 0.6743515729904175 0.6128705739974976
11.0 0.5539518594741821 0.6794401407241821 0.5269109010696411 0.7115183472633362 0.6254128217697144 0.7565304040908813
11.0 0.3926147520542145 0.23116526007652283 0.3700583279132843 0.37904268503189087 0.33142149448394775 0.17149047553539276
11.0 0.6133264899253845 0.14659945666790009 0.581087052822113 0.6204443573951721 0.1840239018201828 0.5385156869888306
11.0 0.5624843835830688 0.6675953269004822 0.454489141702652 0.522776186466217 0.5693883299827576 0.6928201913833618
11.0 0.4228602945804596 0.528849184513092 0.5998517274856567 0.6420314908027649 0.629013180732727 0.6396011710166931
11.0 0.3780534863471985 0.6390813589096069 0.6522872447967529 0.7215499877929688 0.6334661245346069 0.5277166366577148
11.0 0.49625295400619507 0.5121054649353027 0.6424679756164551 0.3825981318950653 0.3393303155899048 0.5048943161964417
11.0 0.6668581366539001 0.6878317594528198 0.5596795678138733 0.6917961239814758 0.4462132155895233 0.5523279905319214
11.0 0.5780034065246582 0.6214953064918518 0.586889922618866 0.5967534780502319 0.5290166735649109 0.6099161505699158
11.0 0.533245325088501 0.6265984773635864 0.2760736048221588 0.5106330513954163 0.6511055827140808 0.7097747921943665
11.0 0.4353741705417633 0.32614555954933167 0.5979325771331787 0.4837194085121155 0.3439309298992157 0.5028353929519653
11.0 0.5293061137199402 0.6032983064651489 0.6664689779281616 0.6268505454063416 0.6313658952713013 0.6980708241462708
11.0 0.671833872795105 0.6934283971786499 0.6799999475479126 0.26224222779273987 0.49105775356292725 0.47233644127845764
11.0 0.5639731884002686 0.5542492866516113 0.5816857814788818 0.5806143283843994 0.5094137787818909 0.5929701924324036
11.0 0.49885475635528564 0.5616961121559143 0.4652153551578522 0.46784624457359314 0.31978875398635864 0.40280553698539734
11.0 0.49306821823120117 0.5953624844551086 0.5462201833724976 0.47169816493988037 0.6528263688087463 0.7191358208656311
11.0 0.5158562064170837 0.6400346755981445 0.6255201697349548 0.23465703427791595 0.5543252825737 0.4961436986923218
11.0 0.5666922926902771 0.6490600109100342 0.6896551251411438 0.6208310127258301 0.4553848206996918 0.6795694828033447
11.0 0.5652174353599548 0.6229191422462463 0.7394245862960815 0.6884183883666992 0.5775425434112549 0.7516094446182251
11.0 0.5562855005264282 0.6443777680397034 0.6888888478279114 0.6852861642837524 0.6689369082450867 0.6134727001190186
11.0 0.575757622718811 0.545708179473877 0.5582783222198486 0.6602564454078674 0.5838602781295776 0.5310987830162048
11.0 0.44115978479385376 0.6032652854919434 0.5403462648391724 0.6327723860740662 0.40304043889045715 0.525382399559021
11.0 0.5647352337837219 0.20829015970230103 0.36830782890319824 0.2649531364440918 0.2503824234008789 0.4268288314342499
11.0 0.4717574417591095 0.6226441860198975 0.5999668836593628 0.6247058510780334 0.46720266342163086 0.568572461605072
11.0 0.0 0.1497347205877304 -0.16724134981632233 -0.13563501834869385 0.061170224100351334 0.01846150867640972
11.0 0.33644264936447144 0.2609758973121643 0.204951211810112 0.20599253475666046 0.07232706248760223 0.0729743242263794
11.0 0.5447741746902466 0.6683865189552307 0.7822097539901733 0.7792654633522034 0.6716418266296387 0.8056970834732056
11.0 0.4223979711532593 0.3276144862174988 0.6558824777603149 0.4585467278957367 0.2774868905544281 0.4576857089996338
11.0 0.6301963925361633 0.5360397100448608 0.7067999839782715 0.40696385502815247 0.5552768111228943 0.7161226272583008
11.0 0.5732697248458862 0.6310861706733704 0.7048294544219971 0.7253782749176025 0.6192012429237366 0.7385730147361755
11.0 0.5761299729347229 0.29942786693573 0.17755277454853058 0.3909440338611603 0.5516493320465088 0.7023409008979797
11.0 0.5951764583587646 0.6261332035064697 0.5707487463951111 0.45773276686668396 0.5477063655853271 0.6031615734100342
11.0 0.41826489567756653 0.21974027156829834 0.6507329940795898 0.3721860945224762 0.2981089949607849 0.6488563418388367
11.0 0.22037534415721893 0.33465152978897095 0.463941365480423 0.516808032989502 0.5026500225067139 0.5779800415039062
11.0 0.44550663232803345 0.4727441668510437 0.5782074332237244 0.5872737765312195 0.5675381422042847 0.5954155921936035
11.0 0.4907313287258148 0.5050391554832458 0.7606465220451355 0.7241379618644714 0.6408629417419434 0.7712763547897339
11.0 0.4773537516593933 0.38995128870010376 0.658227801322937 0.6090675592422485 0.573566198348999 0.6243833899497986
11.0 0.5602084994316101 0.38952070474624634 0.35695818066596985 0.48905807733535767 0.6912551522254944 0.8573237061500549
11.0 0.49862268567085266 0.5073369145393372 0.4595108926296234 0.5946791768074036 0.4868766665458679 0.5036315321922302
11.0 0.5336881875991821 0.5792762637138367 0.2307375818490982 0.27746137976646423 0.4408513903617859 0.5706090331077576
11.0 0.46597200632095337 0.28615736961364746 0.46746987104415894 0.3547137677669525 0.2698119878768921 0.2996633052825928
11.0 0.6265720725059509 0.48528796434402466 0.5962411165237427 0.4973863959312439 0.48728814721107483 0.6057430505752563
11.0 0.377867728471756 0.6718003153800964 0.7743973135948181 0.36984869837760925 0.4364582896232605 0.5920593738555908
11.0 0.658096432685852 0.7464381456375122 0.556404709815979 0.4210004210472107 0.3629179000854492 0.4364951550960541
11.0 0.44416606426239014 0.23761829733848572 0.12996286153793335 0.19322220981121063 0.5867388844490051 0.6258140206336975
11.0 0.48293283581733704 0.5945539474487305 0.5818658471107483 0.6765447854995728 0.5718746781349182 0.4035426378250122
11.0 0.4863097369670868 0.5159399509429932 0.49459365010261536 0.5033200979232788 0.4273562431335449 0.4809659719467163
11.0 0.31318679451942444 0.5236648917198181 0.606311023235321 0.6179354786872864 0.6035021543502808 0.6239220499992371
11.0 0.1846250742673874 0.0 -0.19766412675380707 -0.11631109565496445 0.008989928290247917 0.10848690569400787
11.0 0.4394611418247223 0.46195849776268005 0.5807675719261169 0.5438214540481567 0.44810542464256287 0.42863699793815613
11.0 0.4523557126522064 0.7070273756980896 0.615297257900238 0.4847787320613861 0.5717629194259644 0.7407407760620117
11.0 0.34708791971206665 0.36260244250297546 0.6495506763458252 0.606606662273407 0.6237785220146179 0.4442061483860016
11.0 0.5451845526695251 0.6359550952911377 0.4744131565093994 0.3359447717666626 0.29839128255844116 0.3397032618522644
11.0 0.43769633769989014 0.372092068195343 0.738165020942688 0.5408696532249451 0.18641507625579834 0.33880212903022766
11.0 0.4060136675834656 0.30640149116516113 0.28902265429496765 0.3983740210533142 0.6229674816131592 0.742277979850769
11.0 0.7594168186187744 0.13288426399230957 0.6135532855987549 0.42478835582733154 0.3274531066417694 0.48051947355270386
11.0 0.4417683482170105 0.37868425250053406 0.19355721771717072 0.30124783515930176 0.5508930683135986 0.81023770570755
11.0 0.5408905148506165 0.6238820552825928 0.5636802315711975 0.5985791683197021 0.5731531381607056 0.6371059417724609
11.0 0.6078431010246277 0.6503050923347473 0.7034077048301697 0.6865768432617188 0.6322746276855469 0.5885252356529236
11.0 0.6938838958740234 0.44349613785743713 0.6166365146636963 0.6604477167129517 0.4826732873916626 0.6095066666603088
11.0 0.6304118633270264 0.5550687909126282 0.5925160646438599 0.5179080963134766 0.4984016716480255 0.5671657919883728
11.0 0.10347536206245422 0.0 0.190506711602211 0.20397678017616272 0.32177501916885376 0.32465678453445435
11.0 0.4690376818180084 0.46197009086608887 0.6431214809417725 0.6635960936546326 0.6248483061790466 0.6784660220146179
11.0 0.5178030729293823 0.5427056550979614 0.48563501238822937 0.6770521402359009 0.5883498191833496 0.7888819575309753
11.0 0.5528621673583984 0.6060552000999451 0.5931572914123535 0.6128182411193848 0.5304053425788879 0.49921295046806335
11.0 0.5414141416549683 0.43271762132644653 0.6057959794998169 0.5157204270362854 0.6043165326118469 0.5970144271850586
11.0 0.3022303879261017 0.4518241286277771 0.38602858781814575 0.4933500289916992 0.43930783867836 0.5969682931900024
11.0 0.3892838954925537 0.48868969082832336 0.4912598431110382 0.31092435121536255 0.552702009677887 0.48619943857192993
11.0 0.5495508313179016 0.48221755027770996 0.2939983606338501 0.3333849310874939 0.4309580326080322 0.6232017278671265
11.0 0.3851519525051117 0.403537392616272 0.5588546991348267 0.6537938714027405 0.6085278391838074 0.42520132660865784
11.0 0.5605897307395935 0.6321359872817993 0.6879470348358154 0.64284348487854 0.6481987237930298 0.7263154983520508
11.0 0.2685002088546753 0.4153052270412445 0.5728704333305359 0.1711273044347763 0.33165404200553894 0.77179354429245
11.0 0.4427974224090576 0.4267716705799103 0.5245901942253113 0.6021462678909302 0.6605746150016785 0.6216980218887329
11.0 0.6042929291725159 0.5971223711967468 0.4715075194835663 0.5128113627433777 0.6266525387763977 0.6908610463142395
12.0 0.30290544033050537 0.4217817783355713 0.33772891759872437 0.4258955717086792 0.4214177131652832 0.4626649022102356
12.0 0.5505149960517883 0.6475085020065308 0.7806452512741089 0.770605206489563 0.680504560470581 0.6212351322174072
12.0 0.3386581838130951 0.38151997327804565 0.039426419883966446 0.15989823639392853 0.25707942247390747 0.40232202410697937
12.0 0.43287330865859985 0.1392255425453186 0.6597917079925537 0.3994050920009613 0.21210825443267822 0.5341532230377197
12.0 0.2815534472465515 -0.0028083622455596924 -0.09268932044506073 -0.17603673040866852 0.021064328029751778 0.025649741291999817
12.0 0.0 0.2629595100879669 0.20051579177379608 0.2504480481147766 0.20873473584651947 0.1856379210948944
12.0 0.2436363846063614 0.5592893362045288 0.669389545917511 0.6369884014129639 0.5930332541465759 0.6276703476905823
12.0 0.1408083438873291 0.16514624655246735 0.07152244448661804 -0.01581268385052681 0.1321544051170349 0.054776325821876526
12.0 0.1514212191104889 0.1517164707183838 -0.12230215966701508 -0.011185679584741592 0.090784952044487 0.022827036678791046
12.0 0.6139723062515259 0.5839861035346985 0.40577253699302673 0.3512375056743622 0.41140830516815186 0.6510679721832275
12.0 0.46397095918655396 0.4884510040283203 0.24454647302627563 0.3385571837425232 0.5169245600700378 0.7453258037567139
12.0 -0.023195885121822357 0.013918193057179451 -0.19315750896930695 -0.1407977044582367 -0.060402706265449524 -0.0035220999270677567
12.0 0.34413406252861023 0.3878209888935089 0.4761255085468292 0.2607925832271576 0.2839614748954773 0.7235723733901978
12.0 0.28937095403671265 0.3852975070476532 0.18800687789916992 0.2666991353034973 0.30355480313301086 0.30371323227882385
12.0 0.7019548416137695 0.5901853442192078 0.613176167011261 0.6847544312477112 0.6047307848930359 0.7245110869407654
12.0 0.49198514223098755 0.5778132677078247 0.7055711150169373 0.5933080911636353 0.2793843746185303 0.45993614196777344
12.0 0.07379115372896194 0.0 -0.10910922288894653 0.003405194263905287 0.08733592182397842 0.014394224621355534
12.0 -0.04379609599709511 0.018344394862651825 -0.20079800486564636 -0.14954957365989685 0.09981736540794373 -0.005841974169015884
12.0 0.391164630651474 0.4609137177467346 0.6701583862304688 0.6017130613327026 0.35577166080474854 0.5310410857200623
12.0 0.5652342438697815 0.602251410484314 0.6201151013374329 0.5812274813652039 0.4947599172592163 0.4773913621902466
13.0 0.3269968628883362 0.31704139709472656 0.40994149446487427 0.320540189743042 0.2925499975681305 0.26596134901046753
13.0 0.22877787053585052 0.09280224144458771 0.24226467311382294 0.22591358423233032 0.20796892046928406 0.24814501404762268
13.0 0.2860943675041199 0.23474663496017456 0.3330543637275696 0.22276300191879272 0.16759777069091797 0.21726548671722412
13.0 0.12851200997829437 0.21372030675411224 0.25246748328208923 0.14431776106357574 0.14766712486743927 0.1922042816877365
13.0 0.3210787773132324 0.18473602831363678 0.23817786574363708 0.12676332890987396 0.14652220904827118 0.18610191345214844
13.0 0.37012264132499695 0.27847424149513245 0.36872586607933044 0.30389851331710815 0.1609681248664856 0.15366484224796295
13.0 0.4105960428714752 0.4615214169025421 0.3717086613178253 0.2656764090061188 0.19958524405956268 0.28463202714920044
13.0 0.3739497661590576 0.27628999948501587 0.2379172295331955 0.1902151107788086 0.1364673674106598 0.1821899116039276
13.0 0.5845119953155518 0.5625222325325012 0.649773359298706 0.5309085249900818 0.40990304946899414 0.45546504855155945
13.0 0.33158814907073975 0.40094223618507385 0.4175715446472168 0.3271302878856659 0.26739129424095154 0.2867363691329956
13.0 0.29426130652427673 0.12216200679540634 0.23190386593341827 0.2020050436258316 0.14956611394882202 0.22915604710578918
13.0 0.5923493504524231 0.5513291954994202 0.5617213845252991 0.47296348214149475 0.2957982122898102 0.3166802227497101
13.0 0.3686479330062866 0.27348437905311584 0.4184167683124542 0.3645179271697998 0.26774686574935913 0.23741453886032104
13.0 0.5842390656471252 0.4123460352420807 0.42304229736328125 0.26617953181266785 0.22652433812618256 0.3109535574913025
13.0 0.301567941904068 0.073667012155056 0.11286918818950653 0.11433575302362442 0.09376639872789383 0.1488344967365265
13.0 0.49548348784446716 0.3445589542388916 0.4364951252937317 0.3683358132839203 0.32789164781570435 0.3126116693019867
13.0 0.5661149024963379 0.3702486753463745 0.5478506684303284 0.4147142469882965 0.3178405165672302 0.10885431617498398
13.0 0.4236004650592804 0.5050244331359863 0.371174693107605 0.30677294731140137 0.21067193150520325 0.19729718565940857
13.0 0.4916163980960846 0.46273890137672424 0.44376057386398315 0.2934549152851105 0.26176002621650696 0.30330806970596313
13.0 0.42105722427368164 0.29827871918678284 0.3177271783351898 0.22360247373580933 0.16501975059509277 0.1748557984828949
7.0 0.46075719594955444 0.5494452118873596 0.7108889818191528 0.48978757858276367 0.43390098214149475 0.525581419467926
7.0 0.48614606261253357 0.3890434503555298 0.6434017419815063 0.5052798986434937 0.4745442569255829 0.5037416219711304
7.0 0.5455120205879211 0.5592654347419739 0.5678636431694031 0.4398750364780426 0.35660189390182495 0.401818186044693
7.0 0.6270784139633179 0.5072224736213684 0.61774742603302 0.5167286396026611 0.43369194865226746 0.4433091878890991
7.0 0.4050663709640503 0.3567059636116028 0.5888122320175171 0.3805285692214966 0.3962121605873108 0.530529797077179
7.0 0.5763599872589111 0.39123886823654175 0.412719190120697 0.35903337597846985 0.29958826303482056 0.357165664434433
7.0 0.6087449789047241 0.39763903617858887 0.5113526582717896 0.451712429523468 0.36004167795181274 0.3544136881828308
7.0 0.5778917670249939 0.3909326195716858 0.3972616195678711 0.37961545586586 0.3480861485004425 0.35079777240753174
7.0 0.5903053283691406 0.5681062936782837 0.6406667232513428 0.5260369777679443 0.41192883253097534 0.43775102496147156
7.0 0.5497165322303772 0.38628584146499634 0.6011149287223816 0.46976056694984436 0.37132516503334045 0.4122110903263092
7.0 0.5048733353614807 0.488991916179657 0.6197309494018555 0.4626270532608032 0.4714760184288025 0.6119495034217834
7.0 0.6019391417503357 0.48667383193969727 0.5907590389251709 0.5114564895629883 0.3585726022720337 0.48370885848999023
7.0 0.5659036636352539 0.3852154314517975 0.5978301167488098 0.5339245796203613 0.35819211602211 0.45577818155288696
7.0 0.6031069159507751 0.44229865074157715 0.5235361456871033 0.33838731050491333 0.27981653809547424 0.3197842836380005
7.0 0.4768017828464508 0.5264865159988403 0.6008018255233765 0.3798008859157562 0.32662051916122437 0.3381601870059967
7.0 0.5606397390365601 0.4124656617641449 0.47275084257125854 0.4785415232181549 0.3662016987800598 0.3253863453865051
7.0 0.5733180046081543 0.33688420057296753 0.6547250151634216 0.4782274663448334 0.46794480085372925 0.6634437441825867
7.0 0.6208016872406006 0.42127448320388794 0.5736251473426819 0.390548974275589 0.388125479221344 0.284023642539978
7.0 0.46823281049728394 0.295725017786026 0.5534441471099854 0.4505690932273865 0.4629489481449127 0.529838502407074
14.0 0.40693432092666626 0.4615384340286255 0.34040817618370056 0.19090737402439117 0.1961832195520401 0.22610139846801758
14.0 0.36772075295448303 0.311849445104599 0.3311452567577362 0.2359073907136917 0.14376656711101532 0.25662320852279663
14.0 0.23161916434764862 0.2135169506072998 0.141938716173172 0.1162569522857666 0.1179608702659607 0.1025870144367218
14.0 0.2535651922225952 0.18389426171779633 0.1092669889330864 0.10602074861526489 0.10038220137357712 0.07848335802555084
14.0 0.21349722146987915 0.1778823435306549 0.15602371096611023 0.11385798454284668 0.1342383176088333 0.1531553715467453
14.0 0.5755318999290466 0.5281079411506653 0.4913617670536041 0.42156824469566345 0.23400188982486725 0.38419073820114136
14.0 0.2753623127937317 0.26722249388694763 0.22809912264347076 0.17012348771095276 0.16637827455997467 0.18822425603866577
14.0 0.2764904499053955 0.1982099562883377 0.16142313182353973 0.14352154731750488 0.12575897574424744 0.08406183123588562
14.0 0.22415944933891296 0.22070322930812836 0.1743832230567932 0.1396559625864029 0.12178955227136612 0.14425626397132874
14.0 0.23931339383125305 0.2369948923587799 0.18055391311645508 0.14310894906520844 0.14402371644973755 0.18017444014549255
14.0 0.3259858191013336 0.4784815013408661 0.4082764685153961 0.26727354526519775 0.1869078129529953 0.33863919973373413
14.0 0.208706796169281 0.2163265198469162 0.1494152545928955 0.11694396287202835 0.11004991084337234 0.1271565854549408
14.0 0.4805063009262085 0.5465478897094727 0.5593615770339966 0.34581732749938965 0.3420487344264984 0.2822064757347107
14.0 0.42903923988342285 0.5020459890365601 0.3977546691894531 0.28374233841896057 0.1795148253440857 0.3054506778717041
14.0 0.26207637786865234 0.36250928044319153 0.29597264528274536 0.21422047913074493 0.19211268424987793 0.22195667028427124
14.0 0.2779518961906433 0.2613328695297241 0.20083242654800415 0.16954191029071808 0.1564222127199173 0.17316323518753052
9.0 0.47132378816604614 0.4880361258983612 0.5048327445983887 0.3175821304321289 0.6550285816192627 0.5329086780548096
9.0 0.48028093576431274 0.22612640261650085 0.7175758481025696 0.3694596290588379 0.1917177438735962 0.6314382553100586
9.0 0.4742502272129059 0.40068453550338745 0.604299008846283 0.2841924726963043 0.6480099558830261 0.7394789457321167
